joints: 
  - bind_transform: 
      - _11: 1.000000
        _12: "-0.000015"
        _13: 0.000000
        _14: 1.018251
      - _21: 0.000015
        _22: 1.000000
        _23: 0.000000
        _24: "-0.000000"
      - _31: "-0.000000"
        _32: 0.000000
        _33: 1.000000
        _34: 0.000000
      - _41: 0.000000
        _42: 0.000000
        _43: 0.000000
        _44: 1.000000
    id: 1
    inv_bind_transform: 
      - _11: "-0.010696"
        _12: "-0.000000"
        _13: 0.999943
        _14: "-1.034027"
      - _21: "-0.999943"
        _22: "-0.000000"
        _23: "-0.010696"
        _24: 0.001346
      - _31: 0.000000
        _32: "-1.000000"
        _33: "-0.000000"
        _34: "-0.000000"
      - _41: 0.000000
        _42: 0.000000
        _43: 0.000000
        _44: 1.000000
    name: Bone002
    parent_id: 0
  - bind_transform: 
      - _11: 1.000000
        _12: 0.000000
        _13: 0.000000
        _14: 0.000000
      - _21: 0.000000
        _22: 1.000000
        _23: 0.000000
        _24: 0.000000
      - _31: 0.000000
        _32: 0.000000
        _33: 1.000000
        _34: 0.000000
      - _41: 0.000000
        _42: 0.000000
        _43: 0.000000
        _44: 1.000000
    id: 0
    inv_bind_transform: 
      - _11: 0.000000
        _12: "-0.000000"
        _13: 1.000000
        _14: "-0.015732"
      - _21: "-1.000000"
        _22: "-0.000000"
        _23: 0.000000
        _24: "-0.009714"
      - _31: 0.000000
        _32: "-1.000000"
        _33: "-0.000000"
        _34: 0.000000
      - _41: 0.000000
        _42: 0.000000
        _43: 0.000000
        _44: 1.000000
    name: Bone001
    parent_id: "-1"
meta: 
  resource_type: skeleton
  version_tag: 1
stores_inv_bind_poses: 1
