entities: 
  - entity: 
      components: 
        - component: 
            Children: 
              - child_id: 1867944444
              - child_id: 3757387407
            owner_id: 2594163483
            parent_id: 4294967295
            position: 
              x: 4.131809
              y: 3.633381
              z: 9.559008
            rotation: 
              w: 1.000000
            scale: 
              x: 1.000000
              y: 1.000000
              z: 1.000000
            type_id: 3864726948
        - component: 
            type_id: 1930024581
      id: 2594163483
      name: Entity0
  - entity: 
      components: 
        - component: 
            owner_id: 3757387407
            parent_id: 2594163483
            position: 
              x: 4.035676
              y: 1.048006
              z: 7.796564
            rotation: 
              w: 1.000000
            scale: 
              x: 1.000000
              y: 1.000000
              z: 1.000000
            type_id: 3864726948
      id: 3757387407
      name: Entity2
  - entity: 
      components: 
        - component: 
            owner_id: 1867944444
            parent_id: 2594163483
            position: 
              x: 1.775475
              y: 0.711692
              z: 4.620808
            rotation: 
              w: 1.000000
            scale: 
              x: 1.000000
              y: 1.000000
              z: 1.000000
            type_id: 3864726948
        - component: 
            ignore_input: 0
            type_id: 751163885
      id: 1867944444
      name: Entity1
